1 30 77 66 25 44 76 96 54
2 14 14 44 15 85 55 15 16
3 80 87 56 15 34 56 56 44 28 17
4 30 67 56 15 54 86 56 44
5 90 67 56 75 64 56 76 44
6 14 14 44 15 65 65 15 16
7 80 67 56 15 34 96 56 44
8 56 15 34 56 56 44 28 17
9 90 67 56 15 34 56 56 44
10 54 14 44 15 65 55 15 16
11 120 67 56 15 34 56 56 44
12 56 15 34 56 56 44 28 17
13 90 67 56 15 34 56 56 44
14 14 14 44 15 65 55 15 16
15 30 67 56 15 34 56 56 44
16 60 67 56 95 74 56 56 44
17 30 67 56 75 34 56 56 44
18 15 65 95 15 46 44 28 17
19 14 14 44 65 65 85 15 16
20 80 67 56 15 34 56 56 44
21 34 56 56 94 15 34 56 56 44
22 64 67 96 15 64 56 56 44
23 90 67 56 65 34 56 56 44
24 56 15 94 56 96 44 28 17
25 14 14 44 95 65 55 15 16
26 56 15 94 56 56 44 28 17
27 90 67 56 15 34 56 56 44 55 15 16
28 74 14 44 15 65 55 15 16
29 32 4 54 4 54 15 15 34 56 56 
30 44 28 17 44 28 17
31 90 67 56 15 34 56 56 44
32 74 28 17 34 56 56 44 28 17
33 14 24 64 85 65 55 15 16
34 64 56 56 44 28 17 67 56 15
35 67 56 15 56 56 44
36 32 54 85 54 44 15 15
37 50 67 56 15 34 56 56 44
38 10 26 92 56 14 56 4 56
39 94 24 44 15 65 55 15 16
40 62 48 54 4 54 15 54 189 90
41 31 14 12 74 44 15 17 1